100
27625
14384
22521
17340
26453
192
9232
3394
3974
28135
15552
11230
22007
8249
8961
31721
144
19101
135
9264
12757
19306
25232
27194
8527
17090
25325
22973
4155
8750
27471
23387
18034
29050
32468
5794
9112
17619
13778
15170
4233
8224
22499
3472
23808
17309
16433
21052
21897
7614
30723
30031
7594
24131
13192
2152
6733
26264
7396
29751
30833
4975
6521
31034
7186
7072
30071
23479
854
65
8614
22267
27129
18945
28531
13265
14586
4042
30522
7749
3719
663
5331
5786
27174
31379
9823
6537
18726
16755
31060
23484
16197
5653
4551
13451
22435
9561
14329
5110
