10000
20293
22899
13881
16130
3198
28762
22320
8474
19868
29659
7789
30874
23132
22918
16311
5640
3739
5405
22453
14187
28643
13960
26903
23148
13623
12052
31235
15278
11548
6640
24002
32618
11752
9194
30379
16207
31823
28262
31824
31129
21547
2463
4584
7536
32652
25122
14588
12419
10240
15751
27734
18917
20004
8819
28455
24103
4971
18379
7287
6327
16942
26426
17106
15993
16373
3814
22577
21923
22020
20078
4646
3806
31785
23335
11852
11163
4549
1944
30447
23986
12569
10803
20471
23618
2259
20310
22554
10693
26585
21122
27202
18290
26453
15066
2876
20951
24321
30431
4003
17079
4021
21355
1548
21538
12334
18923
12659
16595
18464
481
8166
24014
1407
8601
10608
18746
30731
18986
25416
10876
24346
23217
21307
16278
30122
22218
28503
13246
26791
3151
13785
31554
25465
21588
26969
12444
24273
2915
15668
11985
7605
7412
32314
25871
1226
15920
921
8070
14306
13288
29705
16774
10694
16336
11066
11483
2629
4352
19323
21094
15997
21420
18347
10237
20328
15395
29029
32644
31403
10502
22375
31564
20892
14539
67
7083
4753
28274
19786
8669
10352
16773
4534
17435
31860
13654
10775
28410
1597
21365
8191
4102
17947
9584
9713
9630
5532
2510
30600
4114
31315
78
27108
24572
26347
18780
14426
7644
5741
29909
22876
18167
28110
15356
26533
31601
4029
17084
27562
6569
3754
7200
4413
17110
26906
11793
5508
1247
15403
20558
31002
9599
22626
17073
17027
19097
9405
22176
23765
31705
31733
26578
24229
14733
28692
68
17712
9410
8248
17275
28619
29859
3238
31995
26508
13582
5394
28167
16186
2680
3373
13979
6003
30466
4976
30120
4892
23772
5672
31887
18446
14811
12994
12768
30718
22614
23385
32596
7597
28998
28286
26377
6738
31645
11590
7164
3908
9447
15258
14796
12268
12063
5819
30637
6123
12244
11796
29355
29063
27773
2628
27425
30811
20504
11884
4473
9280
13834
8118
15909
2166
1587
16166
12510
13079
24145
24997
13084
6334
17560
21067
14806
22643
8078
10988
25212
25562
28460
12007
26418
22428
818
5163
26190
4118
10955
26250
6419
17985
6498
28994
21936
16610
31939
23241
30836
26098
118
24281
4179
14416
14937
21180
27295
3493
15484
24537
23039
2200
18498
8320
21684
9012
24245
2802
17933
21910
10793
22196
12072
9435
32021
18454
29418
9800
25134
3582
26945
17084
31173
7674
5529
18003
8290
14982
7325
2140
6818
3994
21808
14205
16974
4472
4266
5669
28861
2484
30295
13107
8812
32388
3630
27364
4059
24649
22222
15362
14250
10590
702
15691
5621
23585
14566
16159
1260
2880
29769
25967
695
22598
24325
17890
22665
5222
17548
22088
24322
28550
30500
14148
23499
24975
17565
10038
13420
14836
22098
10599
29297
385
6243
11640
21694
6758
1073
17165
27182
19075
27162
9653
29043
7158
5750
11549
31274
16355
28114
28022
829
24451
23660
5155
4734
1904
13551
19624
385
6447
23152
14799
31674
28414
20904
20252
27096
7648
5491
5747
18017
487
19082
11784
6030
193
11901
2696
2665
11910
24052
18821
27429
16577
20007
8231
30398
31676
5530
12817
16849
1553
24606
23698
12478
20078
10757
16909
15612
28584
7845
8619
956
16131
13839
18239
22977
28864
28177
8057
24703
32488
14954
15439
22643
15960
2124
21928
11458
19982
28952
4683
29717
19634
30805
9480
25268
104
28913
2597
27105
23765
26044
28939
119
4976
8482
7730
20675
6667
12329
20810
18339
21409
31915
31659
16605
18273
23252
21246
19650
4604
9695
3117
19204
32044
18444
19081
22228
27013
18918
3899
16447
30336
17587
13549
3786
5317
21563
17337
18765
28345
25534
10577
32525
21320
29232
8560
19997
3828
10679
23170
25335
24350
26216
8847
11606
27540
2109
10349
18006
29276
11354
7462
17359
4544
10625
16808
29934
23707
27602
11436
17430
9442
3016
21736
14838
10358
15473
11128
24043
3112
27885
21130
28568
20749
14634
15433
13763
12293
1502
15884
24179
1926
25541
25536
11336
18350
5661
3987
27930
2185
22623
12771
30166
13983
16191
9574
8085
450
20710
31642
509
31254
12398
17775
26333
1889
30879
9267
13060
9877
8680
11967
16482
6555
4001
30432
25954
30050
8320
15112
9607
14888
24153
4150
18245
25096
10522
4131
19234
4549
30982
22446
13
22485
5170
24969
12542
9649
21309
2341
10192
28508
20819
16860
347
7474
9061
20062
3798
15347
29346
1118
16491
5903
5689
26749
21788
10548
2131
11894
19413
3862
21067
27020
20946
26750
19504
31025
10804
21398
19325
32248
19167
28275
7447
25277
10903
2788
26248
17938
31835
122
19067
20461
21504
18648
27767
16272
28690
21052
12256
15801
9447
13390
20011
16140
9477
13097
8289
701
8886
15527
14295
31106
1770
19442
8748
8376
14669
24392
29827
7636
13737
27662
31234
9741
27262
32024
8587
32328
7391
26423
1722
8003
19855
16388
12831
18950
23389
749
27837
6279
24253
4221
17091
22172
31400
29680
4489
12071
7861
6903
15566
31100
30328
27592
26416
13078
539
25961
18925
29051
5180
13886
2009
22636
12550
29906
6047
24658
2706
26338
8508
30949
5760
688
27320
21535
30929
5766
12327
25952
16392
17032
737
24802
11905
12479
3070
18272
3345
14179
19988
18946
17119
20841
16948
4749
11907
6477
27683
15304
31837
12833
16853
1585
30263
19159
560
5345
2078
10187
22270
16061
30333
24212
24115
16351
379
12300
30306
22339
29080
11421
27258
7350
18819
3791
22725
6908
6462
30735
28962
31297
11892
31682
26242
18114
7706
9354
12193
8124
25414
24536
29446
23189
3916
31666
14910
26185
18207
8902
18516
31512
2534
688
12181
25198
31965
2184
642
25362
14447
24496
15381
7571
21138
7900
15161
25840
8802
20322
28036
24454
30977
15044
1335
31807
19374
10875
22136
2041
2852
1542
14286
28469
9269
31540
478
30721
26023
7342
2660
39
18255
8903
13940
2967
20076
14984
32755
12050
2886
3831
2641
8985
27655
30888
8840
2837
24794
32647
18010
15560
3394
6884
3782
5107
700
23488
6604
7753
16536
27990
20323
11156
29973
6125
7607
3622
15292
12765
2216
6018
21758
10976
10367
7500
4881
7580
29683
4718
30728
4973
29020
140
16689
26231
11062
28075
23476
28140
985
31261
32361
24731
17527
17071
25849
6586
854
21270
26681
11252
15695
13463
28611
28342
16008
25847
30934
29111
13934
16802
11888
710
4853
13087
20138
12760
32532
9395
22868
32593
8315
5204
17361
8339
28823
18130
11828
1733
19657
27713
21915
5093
6626
16553
16332
10769
5858
29937
23567
273
15090
27657
5451
28201
15007
6231
4452
2590
4185
1381
6612
24967
9259
22984
27016
6998
28348
23891
23549
16806
13191
20349
14747
6343
11863
6672
7505
12424
20486
11284
12147
7108
26230
2299
12752
31279
19408
22542
6423
16482
30972
23
12140
27173
5985
6992
31814
765
28127
20364
28044
12534
17673
22180
32240
11699
7847
17189
21643
22963
23660
19767
6586
21989
12788
13264
32056
20335
32257
32283
10620
27068
26359
10531
8277
29380
22165
3524
15556
19872
12533
2772
22042
16205
25287
16269
16466
2496
8906
25150
9649
299
652
32562
30108
1935
10850
11233
25785
6786
23722
31318
14922
24387
7232
14560
26310
22779
4671
18940
8121
13654
3833
8322
31966
23362
16953
11280
21114
10247
1720
16820
17659
1672
23773
19677
20946
19672
28857
21636
18829
3072
18243
8343
30521
15887
28368
2982
28919
32355
20182
19664
19933
14391
29410
17904
15632
30574
27863
8709
14879
18335
10856
20447
23202
19809
23000
9489
28947
1496
14833
13586
236
22656
28995
10421
16386
26425
18591
8653
8481
18580
25811
30489
9193
6237
23463
21621
26088
2665
16408
2884
12537
27553
468
7960
733
15695
15349
23204
18967
22184
20226
30948
21516
14491
25124
11914
10332
32729
10149
8108
19835
8485
174
3501
12948
23517
23617
18793
15007
3786
28021
13733
9409
23332
5362
26037
19940
16873
6572
9327
1943
10080
3300
28496
39
26856
30044
12781
30719
28934
7641
19869
16445
30126
8927
14693
16022
19666
7080
17956
29292
809
31334
21248
14126
8513
32699
32272
16367
19144
23925
7498
2122
9239
25742
2992
13941
10752
23140
5815
10915
26585
20789
6136
14240
14281
8158
1818
16552
31058
21716
4094
14472
27167
16483
31021
15864
3344
29222
26239
20791
19331
17864
17422
24296
15590
23289
25946
7212
16506
5299
9406
28673
21865
31663
3859
26075
23819
8226
26530
25985
13173
22205
4175
11306
19012
27876
8708
17111
12712
12333
16732
28147
15283
25884
31633
21034
9700
2333
14248
19078
29935
31683
2011
11217
28367
27456
26439
28966
24335
8228
12247
3545
4436
1114
21616
24714
11823
352
11101
900
26146
4550
21758
30300
5872
8682
2733
23750
22314
7154
25073
20155
5110
15114
20454
30153
11555
480
30956
29626
15211
28764
6287
20073
27911
21668
3511
23776
9337
21328
22289
29110
17813
747
3005
16040
23761
13994
7224
11639
3279
21616
26509
10753
28201
20994
28856
6563
19836
13702
16474
31694
29623
13634
16036
28647
25765
21139
4477
7269
16313
3117
19190
13094
12058
914
29680
3857
4335
12756
16140
9970
18156
1934
28628
20882
22557
5153
16935
5910
20722
4140
24042
2970
3468
26446
8941
28430
23111
7455
22811
3664
5768
10604
4326
8586
17864
10163
16369
9167
15073
30176
26112
24561
18841
7750
17949
11941
10860
10463
13
8666
31902
12232
5618
6486
4738
21240
10817
31891
29700
26432
487
5593
17277
31880
5815
19100
28856
5960
17943
11544
26176
14661
26604
9003
7405
5518
22978
7795
16814
2998
19008
8616
22936
18003
20684
3899
4144
6327
7546
32048
7157
30702
19771
2617
25905
11000
11843
28692
23298
3655
186
20262
8867
1660
32680
28505
3328
32351
15898
29235
32378
3100
9370
12855
13559
6597
6862
19328
6190
11524
10607
2460
50
10784
8301
13991
7740
11827
3424
1961
29629
23722
3634
8753
931
15357
19467
30513
10732
32176
10878
28445
17769
19851
30449
9023
8148
1045
9298
8286
16406
22615
24312
28304
4818
27855
1239
23131
5429
21426
19944
15123
28161
26215
12504
12911
8408
3136
20463
8557
18374
19579
31300
20073
32531
18297
3359
30841
28487
29501
16815
21516
8573
14120
13037
11458
2541
17139
10192
10382
29877
15597
28082
26634
16616
9079
20226
26
5593
32189
29227
2245
32425
14262
11461
15696
6159
17759
5883
27036
15463
26931
27452
8386
23038
14830
32294
30956
24476
17284
23215
18551
27475
24412
20118
8263
10119
8145
29449
32617
575
27371
32152
31728
10923
8282
25945
23817
245
26292
10333
25184
25676
31728
15699
13496
2863
9507
32123
15302
20983
6521
4814
21838
11176
1143
13932
10624
8441
31599
19269
6293
2465
580
8460
32166
27620
31583
27481
17100
11870
7922
14621
638
2063
21868
30795
12839
23208
4413
20932
4614
25365
972
27012
24139
27723
18869
20236
32112
28756
27207
10767
10197
21400
17982
28512
17567
9837
20925
10779
30674
6370
13711
9491
7597
3272
13215
124
12102
29186
27317
32730
19558
22799
21875
7209
26279
26581
8335
9806
18892
7344
13394
1469
32097
3003
3410
24428
15252
606
16492
12537
31058
15640
17924
11287
15269
7054
26752
24126
13901
32469
29187
28819
28574
15868
30055
3093
26009
23774
20093
11786
28750
28966
13704
30889
23921
24995
503
19465
316
27598
30819
13129
14468
7065
16329
29185
6175
8570
23049
15849
17781
12984
15262
28872
13412
24565
24224
16032
18010
3581
27895
15384
1709
31950
24033
16681
62
2279
8871
29709
26703
4822
16027
2149
6817
14588
26198
32425
8913
20387
560
28629
20213
17220
12288
12626
1906
20754
8213
23842
26657
16842
26997
2640
22178
4799
12629
16791
4607
14624
16856
31313
30597
27533
27660
11171
30944
7642
20770
15847
32630
6946
28398
26714
14597
27152
2975
18183
2431
26474
23744
13555
7718
17119
1390
13962
24036
18961
18395
74
13037
11750
1539
26030
27031
11788
28078
15453
8313
22219
27559
32660
1475
15631
16955
16337
24030
25781
24308
10945
3908
15637
19351
14188
12193
24529
22107
17055
20011
32222
19820
10138
30526
9936
27040
8443
11581
22122
17529
32234
21157
29798
30043
30598
16754
12929
12814
12944
2998
29898
3703
14678
8568
12333
14227
31203
22475
27451
17845
5221
3375
19772
512
1502
26413
26487
15143
31503
25901
9408
1380
22434
17563
2883
439
15767
29242
15505
2145
8432
1224
24552
21152
13216
31955
25287
32684
13745
17883
15282
4337
30134
13481
6979
14735
3440
32495
14194
7440
9924
26657
7462
22889
21725
8083
13307
30771
19869
3027
24662
9002
3914
32585
28583
14310
15990
4622
15102
5849
18479
7433
11217
18826
5224
4688
3852
23569
21671
11966
25178
1490
15089
16592
1971
32126
9459
197
2854
5191
1906
13814
26344
29794
9716
9587
29086
7875
25264
1503
25320
1044
12979
29838
6702
21751
597
10204
5038
25981
5595
23249
14278
16359
12910
11762
28799
17052
6972
31082
12635
25962
12012
19546
23905
513
12616
5501
14182
15277
3366
12544
18589
25171
6807
22433
26977
27823
13651
11014
22594
26060
12132
23392
2895
27077
27667
8768
10148
3514
12048
3769
19251
20245
27621
24248
5335
26111
8604
24992
5782
5917
3760
8233
7734
24719
18738
17786
4
7723
1852
1413
20448
246
9115
31907
13453
30180
10936
17521
16695
22482
31687
14827
326
2240
18996
12486
8802
20051
2890
4114
26823
3467
7206
5137
22987
16832
11227
12626
18604
19171
13799
21778
12703
28403
6358
32467
3863
10942
5429
28478
5459
11738
16569
26678
43
7651
14768
14910
24347
31990
9897
6925
2960
20334
20064
368
13683
23774
21484
608
12788
10319
25388
27491
30872
31675
22894
5672
31365
8906
13922
12637
16398
12491
24895
31444
30842
28150
3635
9943
26650
18400
20497
28873
24714
24896
8758
4350
12102
7393
30396
5084
11889
16359
5347
20018
25570
1862
21435
27352
23153
19583
32023
19848
8576
5533
25775
18173
7884
11376
32660
22090
7798
6409
2010
29565
19789
7031
30848
8052
2398
192
28067
13566
13502
28450
13539
14134
30358
1419
6678
6429
5744
27222
15404
14967
24002
9544
30306
5607
11193
24779
10667
23630
10055
28265
29276
31073
15216
10892
5654
15753
18896
7028
13817
10495
16241
26489
4358
5160
30668
32387
25301
12590
6685
4807
10873
8928
23788
15556
26033
9420
23512
26237
3152
155
27559
23032
22511
19629
6283
3831
9169
12277
15031
5109
28950
10006
19746
11876
23332
1727
29339
3622
2130
14148
21774
12362
25303
25981
19221
19720
9714
9444
28610
27903
2907
16106
6315
429
9451
11162
22071
7471
11911
28529
27177
9531
25682
23164
24682
7515
10515
25779
13851
25708
2276
9109
15067
342
25628
5382
6229
23309
20095
15205
11278
30664
28325
18162
8046
8065
27048
18526
27148
32174
10001
10420
10814
7742
30981
25192
32737
25046
29868
14269
21861
17740
1762
25180
17181
6245
4386
30769
30918
32715
6831
393
22869
24146
25092
31851
13574
364
23166
18740
19873
11498
25160
15478
4367
25077
15495
21010
13854
32076
7111
15763
10129
2240
18598
21454
26988
23533
12479
2488
25726
26682
27097
1160
17455
19475
30033
30477
21131
2406
20421
18513
32399
31580
6402
16239
30900
26457
24624
12466
4538
17719
24637
26607
18358
6846
14471
19493
11615
1639
28109
30802
6037
21842
16215
17816
15667
16517
7269
657
13590
11623
17877
21487
32366
3452
26649
31320
32580
14690
14681
31105
9548
25357
26596
23689
5357
31551
25821
5016
4751
9803
22306
9912
4644
7178
17024
14835
6393
3870
12054
7854
23999
30566
23815
28229
21205
23490
20580
27112
1752
30472
16728
7094
1901
21575
15509
29976
12878
15931
32767
26207
8339
7696
24472
11169
6211
9563
16044
19152
12314
24406
26941
32541
4509
1372
22961
3468
1372
12965
14011
16088
13703
21315
5511
31369
21173
27228
19497
16212
1776
2985
24647
29875
25348
9264
24070
20933
12809
28222
9011
21864
24366
11431
27315
2964
22985
2369
9261
7163
9116
12959
25589
24031
30058
5386
30524
27955
9659
19142
26743
31989
15851
8067
12
25291
27001
17185
3396
6108
11150
1960
877
10994
1740
18056
14159
24525
858
18701
18641
30666
16173
20518
1260
24501
29848
5975
19409
16107
8983
28411
18262
9140
18008
18879
32167
18655
18315
22876
3114
12447
5355
5780
5810
4262
2957
20592
14056
19328
8041
7864
30711
29489
28070
21427
10871
4370
9514
18720
7324
12009
29026
9332
672
23880
21327
28246
7022
13096
5330
6489
23952
709
16952
21497
14426
16316
22025
16856
13656
21091
781
30777
1526
21609
18592
22973
18798
29359
15672
11614
5879
28774
15156
3241
6188
1897
23527
1344
16314
8669
27877
2447
26702
10503
19341
3278
26558
25965
21207
26168
25206
11312
18271
22410
27429
21929
28082
21182
15017
14659
14041
23305
3129
10905
12068
7442
27090
13264
6969
6773
29923
2358
28508
1144
30524
29211
3329
8716
18484
8944
29327
23815
21018
17567
18807
21153
17374
9514
32373
812
15104
19846
20518
32024
29114
30906
32715
7975
15721
10292
4188
19948
26946
20843
16337
14474
14642
24763
9900
2219
8469
3453
10698
6591
31772
15206
10860
4983
20600
25890
8321
897
27468
19505
2870
21124
24786
27137
25536
12383
15563
24141
32361
21407
28461
22197
1497
10302
16648
11167
31911
18851
23994
11853
28960
25558
15444
25663
20310
22531
30027
11211
32109
16435
20579
1531
11810
11846
5848
423
5532
16947
30159
980
27767
29572
31997
26955
27919
10764
1431
15741
14090
492
3449
663
17704
22213
21146
18145
24911
29247
15023
861
17106
31162
21278
32668
17153
30548
29991
14051
21495
6683
23117
31359
9631
2452
11531
19814
9481
26732
25013
13583
16876
25213
25516
31635
9851
25092
25286
7941
19821
18465
19708
27150
8775
17552
16470
29133
6124
10406
276
29934
24936
20879
16414
22537
14585
1478
15790
15165
24927
25046
5179
25869
19813
12367
14249
32378
6576
18699
29872
23650
17608
21410
31882
21016
20836
2348
18657
18757
16123
20790
25592
6911
1160
22023
24856
26151
31132
27668
4413
24328
22954
26817
16386
21549
19855
17498
1226
25731
10080
9042
29744
8880
15481
8890
15793
8626
2499
1029
409
9916
3653
5114
27435
31822
2030
26874
23316
8851
32417
21620
11794
22783
18818
9126
27616
15657
31360
2966
27238
31462
23587
23632
12575
18855
28055
22369
10442
13077
2298
17812
25428
24299
8162
10220
2053
24595
14898
8162
12266
16132
8991
27360
16004
15707
28798
3325
687
3768
20560
1787
11220
732
18576
13182
24403
23808
21819
10127
31275
21624
4257
12881
19180
31369
20972
22530
20447
391
28142
25653
17779
8499
1583
28494
4331
5203
4662
29502
21318
27539
3864
19328
12398
12700
319
15444
5797
7282
13437
23867
4653
18451
26193
691
31031
13902
18040
821
31759
4065
31160
29548
25989
25302
2792
13750
6046
23071
30276
30944
4220
10865
15087
542
907
12382
7882
24138
21230
31670
4212
22110
29993
17439
21410
17204
4879
754
25505
7292
27118
11865
14376
24318
15866
20903
22627
9746
26871
32504
26686
5213
20779
22026
7151
26573
21635
7258
15814
21720
29700
8834
12857
1264
19317
29394
9771
21578
8523
1326
21372
10961
6869
29736
2007
3173
24744
28510
22968
15449
16205
26389
14268
4139
4138
11542
15917
19845
30382
1737
32462
12149
15809
27792
9955
28393
24939
29287
12164
27246
4291
5561
1060
18730
13338
27781
19293
13591
17257
29105
15870
2178
30969
27310
14423
2755
11345
8782
29123
6206
24932
29922
1655
20890
22524
27032
16267
11841
10081
21779
17735
3608
12879
16716
10159
9856
32535
5800
26961
26253
16404
16986
30798
11910
6225
22012
16806
30365
26744
23657
19145
16624
12286
24542
32092
29375
20108
23888
4424
28911
12721
8464
16649
7104
15047
18589
13365
1483
26915
26058
19531
575
5249
32529
16319
26205
17326
26934
12099
6705
27511
13855
8535
21650
8658
13555
4115
7772
4427
16242
30003
30957
14514
20629
101
17374
17155
8294
25552
15875
918
16674
25317
15781
25223
31116
3945
31742
17768
22676
24771
4086
16422
15913
4483
29725
6713
21851
28468
13289
29712
15286
2148
7217
6332
20954
25841
2793
18395
29023
13461
14879
967
1000
8117
8759
12288
14213
9830
20323
3032
19535
14784
18022
21853
14142
31592
21641
8331
5710
20312
26333
11955
12754
11250
17588
21031
1816
21573
18778
10791
6206
26782
31001
17168
32084
31059
3436
26307
29364
1996
21634
10580
24733
8658
32759
32244
6167
796
16078
24609
16642
26903
16050
23820
13696
1270
28781
2379
18054
14330
11177
11968
9661
1539
3559
16072
28831
27224
12477
21672
6351
31411
4948
21557
9657
1168
21282
28868
2922
4280
4067
10321
4785
30984
5854
32499
3703
31879
12630
1664
23132
32168
12878
32380
24212
22236
8066
6215
5376
29019
4514
11143
19344
2612
10193
26324
8152
20883
10846
18595
28657
20563
14530
27765
15507
16324
7898
30784
14448
16318
11621
13854
211
5862
12737
9780
15225
26944
26850
5349
5552
4341
2451
313
24750
1383
16881
24456
18228
31859
17445
1130
22627
12805
15969
17380
25566
482
23070
4299
25378
16306
7828
10365
27682
31053
21113
5825
26918
3911
14590
7675
4582
20414
17928
20372
25058
32611
9644
24744
2052
31943
13037
1778
2937
27112
14777
27125
8652
2043
8225
29805
29253
12668
21209
4597
17025
7796
4336
9465
18515
24330
29392
16607
7386
14413
18552
29809
3299
20289
11001
12430
17024
20007
23855
5905
1002
28690
22466
15874
917
7847
7261
13052
32145
3635
11308
19166
7721
1012
15772
2486
28086
12961
3406
12010
15812
22843
26205
12712
21353
4120
15825
14737
19169
28717
32099
24481
28782
155
22900
17250
2671
5757
20040
16465
20671
4849
8327
20368
3409
11108
31990
25038
8713
10275
4977
15732
28637
17695
18733
11538
23340
8449
24108
2569
26974
26222
8705
28537
13246
7068
5062
8557
11156
17429
2395
29765
27526
16587
14816
16484
4657
6749
18293
11803
25091
8617
9265
26070
8796
4754
28257
28805
32229
9491
8194
21581
23088
14469
11649
14704
25744
1324
28593
9083
20539
9
29966
2734
415
23771
5681
25008
8961
23159
27027
21364
24157
17738
29318
17766
14457
23596
10096
27099
18763
871
11083
28343
19853
29191
22106
5216
19871
17765
27181
14564
21917
9966
3288
9062
31424
28729
26480
7118
10746
31049
966
6833
31693
32031
17767
7550
2413
16516
6612
27370
32534
26388
15358
21406
26543
8847
9989
15136
28064
10332
5170
29952
3313
6495
8243
16963
29348
18428
29589
31508
1363
2156
2695
12458
21262
30527
30670
21364
24687
25138
16131
10636
5375
16180
8724
8539
16590
23987
32251
19592
30541
15915
4792
3879
15215
15345
21141
20255
14592
30013
5274
12252
1861
7543
17998
9783
12501
9667
30897
28834
31927
26575
25718
16280
13501
16092
16774
6724
25888
15115
3505
19312
20829
23274
7863
25265
6735
30527
7031
5585
20878
19732
14454
3709
30215
20995
21395
28720
5596
16067
19209
8799
4478
31731
11173
10981
15368
23846
4681
9394
21727
22064
23714
7856
5768
5809
1318
28406
22218
14303
18001
17969
29701
26776
24864
3918
3025
17319
8910
26477
14042
15446
1485
14850
17915
19765
2568
19789
15513
21802
8280
19197
1090
20154
17733
4384
5511
19862
9982
22350
4631
28265
29339
29719
3101
9441
9361
20137
30427
5116
30838
18630
31879
23701
21495
11493
13670
3630
18711
27815
31783
9728
2986
15230
23426
18496
30225
20888
20753
8116
31031
25362
24942
3959
5068
5978
14734
8968
11457
3301
22878
26778
27908
13587
924
8599
29821
5215
28407
30070
1609
13003
29802
4798
2102
18571
14038
27227
29055
29425
32734
28961
1225
32152
19976
5022
29021
3028
20497
18469
14248
11866
18833
27416
27888
12588
7376
20853
14936
11720
30183
15779
13079
11665
21275
8831
24053
26749
26230
24738
3591
27649
3239
27126
26283
13882
21788
30584
9926
4444
22366
15695
5949
15200
20908
18702
14514
9706
19675
30278
3200
23160
16749
9552
5369
20177
31217
8281
26847
13741
11930
23214
30241
6049
5667
30282
20439
16462
26594
15261
9087
19403
2859
28575
12666
24655
28648
13333
25794
24611
19574
24099
26093
8135
15554
28435
17767
27747
32420
7012
6380
28274
18299
3095
10308
13482
28426
17973
1347
29486
27539
25765
11008
17143
23346
4140
85
28031
5756
25029
22935
4272
2136
6948
21911
9997
18205
24965
12761
16416
10988
26298
29203
29987
23888
11380
30442
26098
7701
19921
24552
18992
14694
31526
21697
25273
27434
5135
4551
22344
11168
2997
21418
19562
8505
864
32373
15778
13238
18237
7110
26590
31874
6512
3150
20506
4178
30557
2185
12883
24059
17716
19646
25774
7827
3003
3129
31465
4812
13408
1992
13827
2445
28542
25459
3111
27601
12527
6017
21727
18885
28372
6312
25974
9501
3745
5011
10670
29879
11371
22426
1187
7540
10358
19645
1535
23635
9978
4321
16224
24014
28214
6223
17926
32377
20152
28010
11457
28889
490
27569
538
17539
10977
4597
7873
2678
25954
18395
20535
4794
3894
12948
11196
32569
14256
29916
5499
10204
24956
30257
18420
3050
681
3414
26538
19615
28410
10759
28431
27913
6249
23038
32428
21287
20989
17702
23957
17988
206
32030
13836
26256
26453
15345
23157
23040
30457
28180
7802
10857
21464
9121
4223
4312
30419
17619
8008
10804
6620
9666
30697
20759
23172
21855
10222
6377
16063
17330
20428
9791
2043
6995
29063
24691
97
27176
10149
14467
11882
30045
20564
303
6822
21673
30935
5199
5065
12479
5430
16754
7415
16658
20518
16829
29265
25806
32566
11522
20416
29459
1852
11295
26113
7796
15615
25754
10738
1968
3622
22906
27163
23471
32353
15720
22144
6336
17622
29191
26278
22290
5582
12432
18915
12400
25760
6066
19947
9025
10718
6825
26520
3263
31167
3485
18937
5751
30413
19261
14239
13058
27855
12188
31267
1538
8185
25675
11260
21343
7250
14776
16511
20931
4455
2503
30263
31828
1582
24494
8040
16305
28989
24854
27870
7727
300
13424
9979
10069
8519
24724
256
24214
1656
24993
29339
27981
20596
28433
17330
15358
2853
12059
13935
20172
7256
21325
31628
310
27048
23146
23776
32022
17066
29570
18987
2267
23386
15952
13342
2310
25286
25816
25006
20707
505
19009
11162
7818
20266
19184
19003
24085
294
18919
8588
4131
28411
1884
14201
28557
10214
31901
16492
12904
12159
14628
28182
571
10787
31990
27771
1922
1442
3137
14657
9315
27178
30773
16697
15023
32628
22818
28719
6428
21037
13780
7918
27585
26023
5164
2967
19411
15808
28416
18468
19102
27923
3380
19256
5063
29534
30233
3881
704
30772
32517
27472
18316
11747
11828
5008
30389
26792
28383
27173
8331
13842
21147
4014
19358
180
23540
23934
28286
3087
3657
13855
17586
21694
16106
22568
6902
8419
25457
8001
28346
19666
22878
24436
31959
8189
25334
18102
7060
13855
21853
28853
31705
18605
13298
6372
11698
25722
13548
5829
1031
22441
27442
4214
13210
25560
4479
3967
18753
138
12982
25563
21350
14805
11139
324
23228
30542
16692
17091
1603
14130
18902
16504
1663
2518
8596
9127
9204
22865
26956
9477
3302
18791
19058
8513
15951
15289
15402
28629
9248
17451
1441
26638
19645
6550
31149
16473
19379
20143
10149
13265
10172
24375
32130
6662
28661
23909
5942
23824
21598
19345
14156
31189
23954
28194
9410
30359
8137
8633
27172
31681
1291
414
12777
31474
2742
27244
15378
4170
3635
9465
10497
2549
1269
17800
5527
16887
15283
2866
17554
13879
30950
19346
20773
2765
7813
14000
9945
25232
9983
32560
15012
14811
6522
12988
16711
12192
20811
20142
24301
26801
13494
23810
3073
31050
14055
9596
11087
226
16688
16149
3423
25650
24453
3500
23823
20871
19509
30698
12655
31557
14059
24950
16610
13500
25316
13659
29042
23856
30834
3254
17011
17699
9650
15780
19292
31205
27274
24171
19426
9055
11238
2279
2390
24604
27187
27191
30016
19353
14107
27305
22845
6862
18051
31204
1046
31484
14019
19284
13346
7865
27685
3803
15070
9530
7072
29109
5578
18401
24789
29612
30854
31239
31563
23678
1069
26379
3815
23948
10226
31387
943
11204
26362
24386
24768
7632
32633
7987
16013
6784
12047
21332
11354
25461
4197
3214
9464
2063
19971
25428
28354
3225
9845
22898
728
4532
32159
31256
22427
2049
30556
25638
10857
15378
22366
10938
9370
18067
8770
14327
30651
11445
15346
7704
19721
15580
32576
694
9265
29577
2752
4182
32071
29833
16102
6711
27141
25695
10593
24154
25157
11759
22967
4562
30656
109
23329
9037
17673
4486
20393
24547
13252
28621
26754
26142
30252
29031
14248
4939
20421
2811
5816
22272
2397
6868
7954
6383
11337
29785
28461
7401
24798
14255
14650
4406
3118
16812
22268
13076
2308
16383
24295
13709
6178
13726
30328
22142
25530
31601
24020
19940
12842
2364
28836
874
9212
4818
6191
13873
6430
17784
27322
735
6494
12695
29725
29674
23593
11431
25510
2086
19332
14168
6963
23437
7755
13314
23434
24143
26026
31055
2556
17946
10713
3366
19259
9643
29212
5083
28536
22166
21498
16278
27584
8530
26045
19457
23704
20360
12330
21046
19928
5276
31618
231
17349
30845
5049
1231
16754
12458
24565
11610
18521
4997
26954
6544
3381
4572
11444
31047
24098
25269
21590
11914
30200
19802
13298
23364
14564
15781
9385
10033
5704
3726
7155
18950
3030
14066
6626
9695
1512
17574
19091
32234
6434
20924
30453
5458
20810
24596
8382
17007
4455
18215
26026
16939
16665
8208
1526
22455
17208
23516
10781
1136
29105
28691
17362
25612
6813
17799
9790
30985
15010
21852
12667
30039
28815
8280
11601
19268
26163
27756
12080
4777
10878
29828
10094
3667
14555
30348
29121
23988
10701
19395
1280
9931
18632
30532
7702
17489
2898
22225
583
17445
9562
25059
13479
16890
14040
8944
15063
27199
20135
22268
19715
12622
16031
24419
3353
2777
31991
29157
8523
11666
3801
13042
19912
12058
14407
9784
27062
1069
27949
8555
19315
12555
16327
11604
2061
13865
18486
285
8704
1305
16734
987
815
2487
22275
92
24100
5013
24868
30515
21132
11177
2198
15106
28910
8757
4325
17160
31147
24824
17255
24555
29500
19859
14242
16070
29606
18493
29920
26230
14657
4779
10513
6945
28331
11066
28897
21513
13832
26719
27930
12176
22396
24657
8508
4491
12010
26869
22362
22475
13549
15370
1335
20713
16152
2965
28322
24914
21354
4751
271
660
11029
28109
9335
2280
16497
18737
32113
23295
1082
11535
23697
2065
5650
30690
22273
26660
7219
20528
17502
12954
5748
6843
7638
14078
18559
16617
31359
9232
5969
21366
9466
2318
30195
21848
1608
32069
15735
15090
25068
6617
3125
27006
8002
12753
2119
17076
7199
29798
8515
2240
17578
25996
11576
9827
27771
22722
31979
10087
9458
23063
17235
27977
3289
12669
27730
27682
21821
27731
16054
31703
30601
6445
25968
2434
22756
8678
15379
13600
22221
28648
31376
10107
30966
18107
7216
11354
17502
204
7635
23784
27569
6784
28519
26210
22756
14201
13483
14597
19469
3623
12582
11063
2944
26003
31586
23796
24880
4456
21358
26492
24900
6211
14483
9531
13816
28732
6741
7672
27831
32181
16558
25410
119
16482
18310
26904
7508
23193
18806
9944
22896
24284
5566
3178
24330
4004
3460
6060
17373
32112
1103
5665
2491
12046
16324
24278
1130
16425
29343
4246
8383
8724
20213
8270
18681
27350
2984
17347
25184
24182
31019
1138
8222
7816
376
1735
10077
11256
12110
20867
16547
10006
6320
8551
4714
31202
18587
5414
8451
22682
1030
15754
4013
17538
1568
24037
24305
31987
4037
26811
9280
2727
26178
1197
30416
20803
7498
9640
3508
21286
18488
1615
19258
4977
28295
3495
12682
16983
24463
27906
31868
8102
16770
557
23737
16278
30631
18909
4118
7634
15317
28248
21293
10949
1842
15968
26685
16166
9773
6244
12100
8647
5050
5610
2907
2970
30669
823
4433
22020
25882
28482
15244
16230
12811
24536
7964
29161
2305
30224
24096
14475
3023
3826
21342
3687
9844
11363
13086
29769
27929
12883
7495
14450
8523
17451
23741
7336
14970
20081
20474
1666
3506
2238
14059
9714
28824
31714
25101
15891
29607
22613
32456
31797
4012
10465
32011
2342
25216
11661
18985
16579
22278
27342
23796
15296
21605
14569
20248
6068
20614
24492
32698
10600
25040
2637
31569
1377
11298
8098
9412
2731
17682
19075
23493
23528
27493
15997
7277
29338
11726
1208
21529
14509
23787
23851
26500
21576
25726
32766
9765
4565
26600
19263
9931
6223
15851
10441
18807
21451
10145
14450
23162
16970
24248
2676
4815
3774
22255
30238
29115
9818
20182
22715
11171
13342
3010
18627
10797
11939
23822
2369
22939
25636
17049
18820
16228
12494
21117
32010
5652
19273
14861
22441
27238
21383
30225
14847
30111
4044
7749
6684
12589
1022
24591
13423
24449
20271
1153
4334
1577
31593
7567
10378
5426
11193
13970
14034
14269
21630
9212
998
2528
27123
20061
12959
12224
12539
5271
24316
2540
7725
8542
6352
764
28448
20467
1706
12906
27128
31777
15621
20656
28465
22904
5553
14499
18859
11720
4993
29199
26871
2786
7734
404
29152
25483
8875
31168
20797
6080
25411
2414
15607
21553
1168
862
20309
24824
8773
6934
10384
15258
30814
21240
17043
6208
27790
22437
25363
9782
1001
17553
22480
13221
4306
3559
26921
3213
9511
2975
12006
12550
5292
25054
13122
16055
5046
17038
4152
10647
15896
17470
29455
8163
4690
19003
12841
13664
11513
14832
24840
12755
20578
31099
3745
7869
1170
29585
6630
28764
23402
7316
18574
26079
9487
13555
3111
31976
8344
17601
8543
5192
29948
3225
30095
6646
32314
26545
32392
24656
15050
23356
28835
30358
25924
20230
32515
8356
1615
11083
4653
18928
2764
22488
8396
4035
10820
22629
5822
16060
10640
561
30306
24450
17863
1759
8229
11977
21357
20624
27723
7304
24025
27458
763
11896
21223
30569
7822
25041
1759
25036
9241
26688
7334
23714
15928
23596
7715
21996
26142
18474
20724
26389
1754
7614
4947
31176
9964
30549
19778
7698
17416
16767
16894
19897
19753
10097
19875
6364
26329
24251
23324
30668
26048
11846
7758
15914
11116
19601
24197
27457
20831
28972
23838
21413
20063
13685
9334
24589
505
8338
19219
23919
21079
31407
30482
6746
18500
17273
11728
19864
21885
26587
15324
516
12603
4856
16669
936
30461
13929
11584
2587
29595
9656
14437
7194
19592
24861
9226
26726
28007
27511
20535
4061
26577
18318
28907
7388
12645
30856
28615
9172
27666
8617
17913
18730
9377
8527
23147
10325
13190
17197
12333
22579
11239
26055
28961
2219
1262
12078
8421
30089
26956
11518
1030
10902
22798
31637
1890
21751
2468
20629
13278
7624
12335
1180
31306
18937
8715
30787
25489
7016
30621
28757
28965
12095
7518
17745
14762
21905
32552
546
3553
7728
14784
19997
12760
5841
32421
15932
30288
30307
5656
27033
15982
12716
11116
23854
15782
13606
20368
19147
31205
16409
24026
3929
24062
7417
12054
27725
26712
13058
18127
4207
16853
11538
26332
19405
18693
12743
13615
2810
23947
26841
24538
30092
30672
18873
27490
19413
22759
28523
5961
24545
24257
28065
1238
17840
18578
25369
3111
5813
30595
17720
27514
25743
30617
8424
15544
14086
23781
19630
23875
12617
16621
18448
13313
14950
27738
17446
425
17674
30948
4479
10061
4731
30587
28471
3881
3283
26296
30550
9130
5247
1411
9323
194
23800
19973
11368
19307
13504
9424
11457
23418
21663
2125
25536
9126
4639
19558
29484
984
4421
11893
26650
29109
20882
19821
1043
9066
12859
21063
872
10423
18852
21680
23761
7743
11299
18417
13900
26382
32242
31774
2869
6251
27765
32642
16290
992
27310
27723
7426
2952
19710
28274
29685
11417
8222
3566
24430
27697
22366
2329
25863
4709
11804
19298
28324
24456
22663
19509
22860
10168
24470
25127
5444
175
17475
22118
4973
28104
17933
17505
31712
13904
26797
4531
27079
21008
5399
2645
10367
6168
29108
27909
11755
7117
19935
29681
19995
25653
15518
9641
25631
27010
15010
31299
27685
1246
31617
8400
19161
15990
14898
28927
15870
9673
10441
21776
12873
8243
23413
14332
31358
22964
19127
17379
9165
17414
18660
31926
25455
20448
1758
805
22909
19588
1039
3019
9488
6543
1446
22168
1439
5889
28950
12927
1429
32651
9675
22882
27185
6425
12847
12346
25763
26528
32733
14219
16485
20009
21285
14343
2775
18974
14784
30593
28702
13525
17621
533
18750
14171
10796
21398
6006
23682
10416
27960
26844
27949
19499
9087
25145
731
27710
12391
27175
31858
672
21973
12649
16718
13464
7230
5259
32394
11196
31125
4795
19085
6635
27771
21990
23257
1161
22434
2070
14352
13050
10626
29195
7240
23649
7232
7961
26512
28826
6619
577
22210
6262
4249
22675
26764
18742
17329
17603
7354
1866
25658
24586
31174
13386
32339
15424
1186
1078
1684
4920
5828
30186
5045
8027
15987
27365
4221
22919
5457
14907
29166
6186
14633
23256
15791
19354
21243
247
27834
21432
22598
19169
30278
10950
29333
22763
3831
24965
14669
27818
26692
10386
10677
27513
31785
25347
2374
24622
12559
32317
7733
22553
25080
2841
27199
14141
5871
21559
21428
24530
31151
28065
26823
18683
21139
31140
10517
24772
6590
7916
371
21855
26763
27615
26108
8607
22327
9019
13915
30902
4812
11762
22613
27947
14162
11846
13467
28447
14898
28705
463
32192
28906
12983
2517
10254
32759
1886
21851
14542
15871
16813
27051
10699
22335
13524
1201
14932
15669
14908
840
17651
11918
15711
24009
12394
25426
18665
26326
6132
10574
20752
14435
1722
31938
14128
31495
25235
26956
17067
29570
25088
16148
2817
654
10599
26681
3883
747
27536
27260
30268
12709
10590
24876
13627
3240
27854
31569
5691
21383
6965
18972
23740
5769
15030
27535
838
32757
18178
23912
20036
17312
29012
1108
12318
24756
26539
13138
15003
8642
32586
16228
6518
1803
24174
27517
21054
1803
335
14504
17779
20807
13914
26229
11486
32601
28077
12201
4913
24633
30674
3877
224
18893
4032
6423
23103
7348
19471
13408
10972
26191
21371
16454
23071
19730
28829
29275
1312
13065
24805
30893
31177
15022
31451
11311
3885
6634
1942
24424
22311
26473
27517
5466
25911
20002
31293
11445
9881
21287
4619
19261
1959
6570
23068
5496
25201
20817
16481
32413
29338
15035
4743
15546
19062
28243
20015
11556
1377
20820
1131
13604
13154
25885
27769
27359
14849
23735
451
4742
9830
9380
18710
15295
11443
18666
6434
2900
20643
25952
563
32027
29539
3129
12591
10789
17073
20174
27088
24362
17715
21680
29730
3893
26
11502
6463
28300
29175
17827
2890
16866
24285
13764
21674
11712
10680
17704
10888
4657
14062
24281
16011
16045
5172
22938
27603
2632
25010
17080
23348
7195
14426
5910
31412
28659
2437
5747
25671
25401
13264
7423
4041
22049
18743
12062
27709
11543
17007
9084
15429
15974
7048
5969
20961
30763
5572
6390
1388
19065
6834
13481
980
8654
31886
20381
20505
32182
4061
32070
5129
28606
23109
15074
7226
3739
21162
15691
6984
10652
28303
15613
4176
18509
30891
27747
27821
17005
27851
1126
21746
31762
21736
4920
6439
4635
25480
31070
16457
726
18266
16636
17148
7923
29708
15205
20883
20137
23664
4323
16706
30502
22992
11971
31906
3133
15503
16293
4966
6731
16897
6658
17756
21610
27532
20734
9383
29402
29439
21360
11067
28076
22578
17711
24473
24496
17375
32416
25805
7585
15297
24189
4517
19855
25579
23015
27443
2702
18794
30383
7813
24733
29215
7137
21923
11481
11734
25746
970
11747
25771
24812
1256
20622
24223
29047
11352
1229
16502
10410
7903
9949
14803
24242
5095
18606
8343
25473
23035
26520
30070
31514
14978
23099
3548
4124
6336
695
24319
18573
26634
4366
9797
26857
21832
25046
27352
12651
16305
17699
5255
8603
23747
14771
5088
19993
9089
26715
22412
13480
23281
27571
2795
14974
26581
12286
23024
16586
13737
30556
13886
31623
22237
20019
22916
30336
14419
31706
278
29860
1052
15240
7884
5516
3951
18813
31520
27979
28651
4207
1155
31349
5134
823
18431
9842
31478
28348
20244
15364
26454
20512
24268
23
10684
31530
21536
22729
24065
7412
6543
11962
14353
26325
29181
29845
15325
28049
5321
223
31901
2240
22323
9727
16203
15996
24300
13455
7260
1871
6655
21474
31937
30299
30688
23766
3614
4555
8145
8923
2634
26490
8318
22340
28167
10723
21712
29389
31491
24905
31253
20846
8462
32039
13140
27743
10910
20954
30186
24172
18560
20109
7017
7803
22752
30565
5298
7259
1405
28654
31312
11215
5413
8646
30232
27098
3191
19336
16895
2125
31194
1020
14396
11151
2232
32124
12446
18093
14335
5545
10031
8610
20442
32080
26634
30184
29357
1175
15482
19775
25935
22380
21844
3772
27275
13871
28311
26134
19929
30366
26689
28973
31065
22785
20596
24539
13073
32152
6858
29184
23912
1602
245
32712
22242
12398
18587
30784
21790
29511
27249
537
22285
28187
22166
10939
2676
13069
21042
20365
16549
14844
10831
11652
20090
1970
14327
17130
29586
21841
29071
28528
9423
17403
1395
32375
22032
26817
14803
1947
7980
15566
3534
20866
22575
15829
22477
8931
2264
19128
23841
11738
18259
2169
7904
362
25139
23398
22524
11603
29107
16513
26789
1047
11310
4909
10978
10055
6620
2848
27755
18963
974
32389
2505
22033
14893
13424
26289
24141
3503
21384
16285
3218
6234
14575
4268
29944
12669
17269
3516
31663
10475
24318
26565
14602
9595
23601
23417
1999
17085
24675
17690
10686
18942
31170
13723
11871
8830
9158
17658
2065
21744
18389
7645
31568
15923
1589
32363
21574
19792
21303
10861
3733
26804
13474
2726
23396
22191
11102
30064
12712
17708
5473
23704
21684
19634
5087
23675
32004
2716
16813
26721
3910
11925
17911
4121
3498
5974
3875
6870
12139
23204
16900
29514
19102
21636
10563
8449
31802
6593
12555
19199
14953
27041
15092
32669
15630
31459
22067
15777
26775
16381
10239
31389
9988
32404
4166
8842
23352
22075
22161
19620
23168
4720
27445
8584
6241
25556
2235
11916
28839
23723
16786
8799
15275
19604
17907
12002
6372
22409
28181
3142
7089
25626
21651
22886
18021
15589
3354
21863
32659
346
17239
11918
28060
16813
20000
25185
25719
25116
737
27393
20929
8547
21834
13767
21253
24188
3894
7966
25165
31132
11487
28577
17641
27755
10561
5749
10366
30082
18123
7400
6739
29482
8269
3914
17624
18772
3614
22284
8056
28372
11149
16920
31904
32226
2186
13168
8720
25555
21398
14601
22369
3091
2024
746
5848
8807
27617
30593
19562
18530
27570
24901
20239
23077
7243
29074
76
7771
29319
5313
15867
32115
31383
21383
4702
7200
7084
15760
20068
29967
13289
6492
31290
19944
6280
21849
18453
9096
17995
30274
30015
27004
20005
32439
17760
14529
18985
3102
1039
18874
26292
9401
14489
21875
19415
29448
30736
14869
29447
27233
408
32425
13576
4302
4334
4625
7191
27175
4921
24900
18007
16496
10773
8393
25726
17781
10461
25975
8384
18852
30777
26731
31227
1067
3049
4682
24357
10322
22224
10680
5875
17435
26948
16665
16331
9239
9621
16263
29677
14475
14043
8468
24029
14276
13829
19009
18707
31160
10527
2750
31462
18654
18659
11108
24502
9295
14468
9073
22617
12062
7094
20739
13256
18676
14081
20694
8459
3056
1608
20802
9570
11198
30101
31856
25269
29174
10279
21980
14910
21431
31166
10000
6004
23683
9765
22431
28475
27230
17153
19551
16203
30499
30682
10732
6622
27430
8295
5722
2462
13584
17694
22073
22990
8951
5628
24783
3767
14524
21394
18321
6741
32682
21073
3299
6467
2892
1046
17938
9188
12175
13305
9358
32723
9241
24658
17004
15758
4328
24333
19995
3678
16431
14384
29030
24201
29038
25258
4011
32699
2512
20319
14170
28594
7625
28272
25265
1834
4080
6863
25525
7432
16666
6147
6004
27082
3512
3641
15483
14126
5235
12428
2194
10273
518
31126
22975
9451
24155
10807
7802
14234
5865
30373
20781
25772
16973
3508
8944
19456
22823
26216
12674
7679
24632
32696
25739
12550
16313
32421
19984
17175
17406
22140
10807
13249
844
26471
23101
16973
9463
16186
30389
7210
17855
26749
21763
18331
30061
29621
7192
13983
2474
9976
17520
3617
16927
32688
8009
28001
31187
29359
16677
16802
25025
5748
27522
29205
185
9148
20952
28677
29817
30796
21972
30533
12299
2046
5844
2775
13153
26634
28835
31198
30768
24727
17782
30917
4106
12418
12070
6833
12223
28526
29616
14117
9205
14860
22762
2036
27397
5292
13192
2925
28697
12293
19791
30401
9092
31809
32408
17592
27746
13900
5895
11412
12145
23390
29069
3397
26414
11975
20380
6352
2355
15867
22442
19449
13520
3805
21225
32312
26345
25680
1604
5595
12048
17660
17053
11384
8675
12381
2118
12182
1191
11795
22974
18843
28197
9061
6573
7928
22725
6934
4129
11156
25065
27501
29451
19575
12941
26239
3573
16824
19740
192
25862
13481
15509
6601
28472
3648
24798
21356
17367
10697
21608
8950
22334
12234
9989
2243
8910
9527
27142
6664
21551
31447
18841
18653
24522
10486
12129
5769
4743
9036
10839
7187
32452
12589
6112
5381
24726
30195
18991
22659
21827
13737
10206
27789
512
8697
200
8081
1511
15192
5162
21557
21308
4720
1017
27490
19425
30157
12678
30868
15639
22476
16208
11361
5751
30913
13354
8520
30768
8552
31630
30396
29826
31118
16192
26225
8315
18176
22054
16358
20465
8372
17511
30259
6337
25142
2243
11285
31046
27478
13107
27191
15900
30736
193
27587
790
7356
30890
11561
27518
12919
18097
10543
28044
16336
20166
28730
19753
10679
13784
1499
8677
14499
23543
12445
1077
15875
943
10254
15858
26088
8864
19723
6672
240
5986
22609
12187
21110
16536
11073
17399
12023
12626
12019
8280
30408
32425
28031
30336
14582
25237
20872
12473
2686
12306
14345
18706
23982
21619
16484
989
26075
25094
1704
10601
21316
24553
13346
6908
29510
23340
4648
24341
194
29993
2849
224
12492
27423
17881
24313
18326
21269
18180
17765
16795
2542
17680
28366
23823
3785
6703
18687
3975
18332
165
6304
13285
27408
1359
22578
31878
2975
23669
28238
30127
32748
1233
5914
9270
9315
25823
7436
3181
12817
20071
15587
11604
9925
5193
20706
15358
31336
7817
8015
11076
7578
10395
26669
19369
32143
5615
3637
3981
2344
2240
30491
16279
29525
10010
32511
11100
11946
14890
6961
8788
24128
5066
2089
16639
14287
26189
7878
24147
4873
31367
11463
9578
8761
28705
27783
10089
4124
29723
30717
29108
32512
6562
21236
29776
9499
16660
26759
17560
558
14674
6111
2084
27226
1861
11312
5110
25154
32691
23538
3047
2147
8004
11101
3665
1968
19663
20008
14334
20337
29163
25730
3153
3165
5555
12112
3507
7927
26073
6057
4672
2854
23022
9616
8371
7448
23791
16881
24975
16216
10516
24542
28816
15918
16854
26890
6737
29751
14399
2438
21054
7237
9590
14011
27837
17530
1930
3497
27032
7839
27774
25695
23214
10698
6038
10938
13019
28977
3297
30305
2340
23625
12040
22017
7207
19490
23381
18374
8642
519
12295
28442
12035
2897
26836
26018
17488
11916
32192
17269
18904
5582
28702
15007
2105
12883
29155
25046
26994
5469
21299
2683
3596
14923
25126
15828
644
32248
10458
15752
8445
16215
13759
9052
27428
25932
23071
31789
26722
17869
2796
31277
21577
10809
20430
6754
10553
27896
27757
22876
21330
27733
12284
21301
6047
20120
5894
27343
31616
21351
11133
21578
14424
11871
20224
7876
1912
9966
23404
6485
21068
31092
17831
12105
4804
13722
11945
6048
28678
5618
3787
29635
25426
3279
26452
14729
28981
615
9793
1130
17137
40
10325
10754
11309
17751
1378
11721
26841
240
4822
28689
8036
11449
18568
13377
29474
17832
29637
23120
13048
23927
25750
26501
28745
16774
340
14957
2598
13041
27759
1565
30897
27633
10363
28841
25810
28280
26236
28901
22558
22536
27251
18267
4356
14037
12840
11916
18234
7195
19002
7788
27751
26561
32101
16152
13585
2351
18964
26330
30154
12652
18983
16223
8343
12924
30982
28215
28321
2041
998
23694
543
17648
4187
31273
3202
25343
9503
6052
17635
11948
8481
13290
15019
19720
27857
22773
20609
5764
20907
25543
27513
17171
9218
21417
8826
9089
11023
31908
31216
25619
29498
14653
30644
5216
30375
30580
6968
28783
18436
15615
1527
10002
11154
32451
24604
6530
19058
26516
17777
20540
27698
27182
18059
8475
25240
14963
18996
17078
5037
2535
23321
18685
19981
9065
11701
18191
21359
16948
27261
4702
17776
16406
2125
25349
24740
30447
17170
19817
12767
29036
31417
20751
12736
18181
1624
30910
29312
16181
18332
18389
19449
6137
2675
28911
12794
2956
31994
4533
8394
29025
19369
28674
19450
5729
11708
29758
31600
10342
28133
23796
17073
20727
15153
26550
32366
23365
20025
27443
17490
359
11914
7830
12555
15570
9301
2593
16535
13852
8795
23818
7376
12274
13331
9366
3643
2391
15390
8308
31501
13087
3822
12380
8319
13483
13746
5864
29268
7142
25988
3506
19623
29824
30422
26287
25594
8810
26905
14028
8060
15251
16048
17863
18843
15585
15637
16207
17098
13938
23882
24927
8852
19219
30851
9176
29410
7937
32018
5469
29065
4576
14226
26996
1047
24570
31832
29658
18911
1721
15638
3367
30786
2151
22225
7331
27968
27428
9222
17255
9280
3880
7960
25784
31005
14395
8446
1952
25969
26225
2090
19918
9253
23083
21436
31664
26425
24395
32488
19918
3025
15287
10404
5994
30849
23824
21399
26198
4570
8628
19006
10261
28981
22770
29536
3126
18879
22156
8885
8172
10181
13683
12754
24306
30273
9662
27992
13726
30374
25068
8798
12356
5865
10075
22555
21454
20944
19976
472
23449
1407
23433
13589
22674
27712
11592
12283
28049
9106
5633
15362
9461
28021
2687
14563
7041
6133
14738
23488
31863
14069
11093
28306
2803
7230
17310
7123
13450
14792
17350
4718
26915
23111
10138
3555
13332
23545
31137
3775
21121
22959
31377
20283
17138
28186
14348
16435
2612
32088
28319
6731
10610
12479
21245
20316
403
4329
7800
26661
8150
27136
31425
6703
12204
26187
10465
8705
3542
2810
32631
11653
14527
814
7219
25274
6684
25932
25747
20124
26050
24195
12765
18512
2503
28828
17502
5269
27613
11777
23009
21863
28650
8209
882
4597
1004
17315
5716
25285
11533
18392
21568
3621
20994
31526
9952
8406
16041
4770
2700
20212
7395
14222
1092
10537
24239
1827
16110
29203
21895
28831
11217
8178
29439
7570
16977
22166
28316
20582
15084
25992
19699
25902
24949
5752
1027
24752
23184
22503
14547
14773
30831
4117
21071
18576
31435
9261
23904
2284
22054
32687
32331
6619
24127
10271
27469
10268
28630
10476
11379
11949
30113
25507
7359
14738
25742
4180
26744
5859
2875
31301
1234
8732
20660
17622
23743
5537
15980
17588
12053
3728
29054
14658
23009
11980
20260
29252
3850
2375
6264
11726
11818
17551
14699
14956
16297
8092
28419
10643
19740
17624
8409
7752
4828
6000
2514
1039
18154
26330
3101
14870
28931
13479
19565
32418
4096
30859
28792
9915
2160
3754
7344
28180
6264
15397
3393
27453
19690
30181
26187
29707
13220
21927
5985
32328
18219
26952
28226
18583
20361
18515
13527
22443
13412
7112
30317
5033
31840
1071
18483
4570
30134
2526
12534
22165
17429
902
3100
7020
20409
7941
992
26006
20938
30823
32461
30877
31223
27453
7292
29000
26963
2595
7569
5323
32367
26764
21236
8238
11961
8913
28749
9211
26901
20602
24002
14379
15801
19659
25845
5203
18254
403
21816
22539
4421
8241
31507
3999
30582
29927
1784
16633
15104
16483
16197
3278
18524
17291
6523
12296
27332
27017
5821
29044
26819
15383
32652
18349
17949
3596
23233
17225
9954
2087
15308
2370
4045
1052
17452
27046
32738
25053
29742
24194
8008
17194
9961
32525
32612
22876
21882
13073
10296
12653
32125
12959
28410
10828
18124
7667
20984
352
17531
14757
21931
8539
27924
6930
7963
8001
9743
20746
18291
4536
32405
21691
9444
11921
30070
20190
1214
23191
26216
32032
4813
6040
31363
17363
27122
31922
14329
14294
2562
9440
3354
11457
12004
16324
29319
4949
17637
12471
182
13348
30303
26639
5287
4733
3723
25264
24548
922
11683
31701
32703
17933
2619
32032
30664
9576
15329
6369
11148
30252
19188
15011
13205
30196
450
23037
10655
23522
15078
15255
18455
9546
10464
19578
30938
27294
21237
926
12075
18586
17225
30126
10485
10672
8763
1822
29507
31670
15105
26736
19965
7630
9605
18626
19173
4758
4479
27292
17362
17041
28371
1784
1067
23254
28461
10899
16807
5111
7387
31091
16451
27956
746
1209
15747
10209
8837
7849
32494
3861
12682
22775
8132
22420
24173
6484
31234
9215
5458
28729
18073
31034
614
7667
20714
12062
19839
29168
22917
10593
19188
28744
1059
25794
7614
27023
27873
9336
1743
28890
16575
19421
23986
23567
30041
12375
28261
14962
31716
28551
14452
28013
2924
5558
19286
20384
24140
8316
15372
5673
32494
10674
28664
22581
32708
18074
14587
26823
14983
26445
32467
28360
29359
16998
29107
26448
30515
6381
548
32308
8067
24198
6683
26832
16322
4571
21340
12054
28744
20806
9998
3799
17496
30659
21152
25937
19486
19990
28123
19194
32237
7225
28232
19852
25270
9992
5061
29777
8652
26160
31330
31409
18390
32340
19842
27897
25877
19330
22575
4974
24280
2006
28349
22418
4156
23149
28067
4021
5673
23181
18837
23744
25226
21266
27879
1598
29388
21019
24094
171
17818
20726
27608
2561
27606
74
23006
2177
20699
1155
19335
6079
5618
11907
26448
28657
7442
31879
28601
4985
7901
28502
19810
28336
26583
32689
18022
22005
6377
16376
24312
3574
1814
30233
7997
19006
5756
14782
14953
19967
11405
25271
21276
6946
5519
21413
22783
23437
31058
27880
15258
28852
15153
13259
28281
21858
24908
31215
31360
15817
24324
4341
6282
8649
24247
22128
4425
7549
26301
9225
24154
21516
30115
28660
18599
16558
29095
10644
2
8701
1908
7786
26623
27518
21535
29507
5650
26991
30305
32162
15594
723
25366
2412
269
17852
6391
22226
29364
10713
3988
23684
10473
13632
32149
6676
14815
28540
21042
1704
3218
20186
32239
26596
16287
3056
26269
7446
8550
1903
8846
10916
30046
11819
22295
4531
696
1896
22092
16409
10295
22888
22520
9349
29007
4146
27098
13037
26749
21156
29479
25913
8934
29115
26429
1070
16691
7714
932
17564
25003
4090
13642
1227
16275
3304
255
13860
31683
30821
2863
16156
19081
23106
6880
24934
707
1914
13292
28761
18999
22845
9343
25503
23350
7737
8660
4640
8050
12843
20523
8493
7196
26534
21006
29681
27457
12323
15046
10005
15974
11850
24
25779
9827
7808
18245
7294
7293
16817
10561
27695
2247
13919
18994
17458
16827
27628
24620
5265
16660
7204
1324
3618
2542
30478
28754
17389
31777
27892
29283
14560
4314
17072
20863
9654
15483
23610
24607
804
29110
26991
27474
9286
485
24868
23608
27978
22188
30315
10431
29276
16593
29732
28573
2769
22619
10952
23438
9367
10730
23666
10704
25564
11606
21294
28636
23293
16779
3463
31846
26290
10660
11595
28567
31352
18247
5281
26249
26943
3649
23886
22020
30294
28002
5700
28791
14995
10394
29548
13114
10694
24660
23477
30467
17504
16914
349
8102
16736
7755
28799
18193
15487
24450
16350
32647
13468
7847
20465
2332
26218
20658
17455
5746
20312
18814
8860
31922
25792
4067
17811
27342
19284
16152
3030
1013
6854
28999
29397
31062
31159
28529
1852
32538
7651
8837
22463
14492
31882
444
22058
30699
14113
31288
21155
27778
4154
3037
32067
7494
29873
5999
6613
18881
25880
6636
20973
3741
19301
20780
20781
26980
2267
1463
6099
30583
18486
30183
12167
3148
24602
7743
11876
31468
20926
23306
13381
11948
12244
7992
20049
28459
31164
15477
27849
27532
14058
30859
22289
26869
24213
27642
18942
12360
22434
26069
11359
5921
7376
20703
1486
16400
20772
21991
9144
28184
20631
14177
6315
1896
2303
8774
479
9048
10043
28717
16136
16295
25763
5802
2139
30963
174
16359
3807
25210
13029
18561
4854
22800
8457
7846
7467
28000
9600
15980
17726
16743
29190
18292
13165
29997
23185
26559
18437
32454
21637
6096
5417
2442
30233
25603
5858
14481
521
16173
21864
26737
19325
6773
23984
19515
32313
15986
15415
435
5895
8583
26125
30928
6241
14203
15396
19061
18276
30300
5338
23149
31985
3221
30661
24748
22309
1101
30655
13765
22268
20483
22323
32422
13888
31849
25254
5020
440
894
11657
16003
17295
31982
7485
11341
18946
10158
28264
11702
22094
2259
8311
9029
16345
7092
29556
12423
22431
20289
25610
4743
6112
19618
20950
13714
27656
17171
15344
26153
7390
13567
16313
14662
11505
603
17896
2004
12608
11334
2512
6505
29225
3551
26356
23110
24724
1638
6349
14481
11104
20630
22746
1233
269
833
1769
29098
18860
30509
18341
3803
25860
3631
17761
23413
14598
6022
32547
19294
7283
19834
20980
23558
27083
10293
10343
5223
18042
481
31848
3139
27198
18436
5959
22169
29404
13848
15365
27497
4099
21870
10206
27818
4992
15941
5399
25224
12708
22054
11273
19171
32243
1922
3694
6148
28686
11919
26859
31394
31971
14176
14047
4885
4115
10563
9323
26073
29091
7008
15042
12102
25575
20111
17074
29325
1452
26745
2419
24567
17573
3059
29616
28250
27672
19095
2772
17373
7113
11172
28822
18925
13095
17432
25799
2174
31925
7180
18779
9351
9660
23887
20663
7608
20015
1862
16954
10110
15582
9220
270
14650
991
15013
16688
12733
8506
31472
5822
10759
26580
24109
19329
21313
15518
14659
9915
31736
29694
31766
4914
6299
23421
6688
20348
27448
15283
22606
5261
9843
24176
31773
24192
10184
25900
6133
17314
9474
31665
28869
1477
26875
13063
14560
18883
31637
4256
7192
8528
20729
7620
22809
21254
23567
832
25608
3243
8254
32075
20060
27588
7781
13240
28668
2144
14618
16995
3482
28190
27682
32213
30799
12160
29489
16442
25207
32629
15331
19077
26063
32033
16122
1505
30414
7663
7386
12635
16705
25049
6466
18383
10794
15863
21068
10768
29402
26951
20136
22875
14668
30651
16149
19966
20933
28553
3872
13893
13738
17582
8481
10661
929
26308
20851
7212
19692
19718
7411
7720
11266
11425
1723
13335
24687
17725
6432
21199
27629
28620
7658
19438
27844
23442
27091
13956
12639
9589
22338
8192
16688
13703
19528
4440
22213
3793
26588
13437
1835
32098
12883
9726
4739
20121
27939
16123
6627
32687
24025
25421
13936
3720
12375
8179
11705
22714
19539
9664
16214
13534
14861
27715
18369
12823
29264
2295
13428
10721
13740
1708
1348
4125
18162
18741
22269
11609
9456
18771
13119
12132
8046
13538
8600
15378
25449
16194
13795
29260
23182
11784
6112
1372
31226
28134
16405
24183
23601
15320
26084
28812
16988
11921
23278
10828
22728
11301
20391
12922
23195
6135
15674
23157
28888
17638
28831
29443
26774
30643
29435
28512
7293
1462
19256
646
11649
23489
21733
8895
26339
31061
10319
8041
26981
11268
20449
13577
31180
5926
18105
19348
3740
21440
31884
19193
30991
13489
23228
12786
17751
31518
1719
23309
11798
1824
23955
7157
16154
20653
25832
11014
861
13508
11501
30481
23100
25309
24533
23916
20472
30352
31340
27198
5483
2436
27118
3849
29451
18843
2856
31608
21284
24411
18130
1131
16209
12448
18219
17729
27965
19328
726
26469
13976
1407
6388
15387
6236
6900
14979
5261
5442
23227
7415
1041
6015
10780
12823
30909
11716
27900
8473
22061
16245
7747
15617
32403
5160
9356
29751
30209
19041
12052
30055
3059
6540
9949
1438
14112
31548
33
17314
3971
6051
30719
21650
4772
4433
2657
13759
7724
3121
11308
12234
19624
3009
5548
9982
8349
1169
10558
17647
10701
15615
16959
14164
4297
22833
30773
34
13496
11859
8765
4843
18278
14610
9908
15222
5008
21337
25386
2463
22894
1355
14467
15984
28034
3457
1903
30336
1440
31877
10509
3468
24639
32655
12251
30549
12798
13951
31969
2489
1402
12570
29982
29717
31055
28553
25395
24538
2156
527
20814
30317
18589
9226
26458
18501
19282
28205
6501
20800
3253
31740
12881
5701
7404
8329
1727
6176
28587
1645
23608
6042
32255
22281
20638
26328
9814
17663
19922
17398
30417
5611
21927
30948
19918
1894
12807
15488
31921
11069
21860
4340
22772
5870
30562
6995
26479
612
14786
12399
3560
12788
24978
4861
30430
18328
28819
7916
5010
22379
10987
24066
26711
23396
21772
16825
3868
25175
13795
32345
7223
5673
10566
17238
20852
30035
20120
19692
19293
23450
8126
2809
5324
13837
31815
22811
19631
32319
29911
1034
18972
22726
25300
6199
27285
29428
6228
13734
30364
31700
13383
25865
18555
21609
26337
10782
8525
21282
12875
20298
22609
13985
29578
9846
20592
9133
16303
15146
24588
19061
24896
12777
5899
3848
487
20684
3876
20753
19545
28002
12905
11991
4746
15303
9237
24436
17423
15106
14232
85
16595
15012
8673
29170
21502
13727
20715
8143
25378
32357
5515
20404
7592
30785
2936
21544
14458
23034
27547
15924
498
13733
13465
27222
23043
16843
21918
1219
23206
8124
18285
24802
15496
6963
16293
16389
17394
7979
27222
25450
16888
23553
21956
1394
30182
23243
31866
5664
23271
31224
6547
22229
11767
3880
13124
12618
14348
10830
1966
26062
10368
13828
18403
27842
3010
28974
19766
10066
10814
32211
13512
15221
23433
312
3408
14119
6609
4414
810
22246
24965
27390
13987
2923
10560
11938
10372
6827
32252
7302
26844
30733
3956
3984
29715
12268
14554
12493
27180
592
20922
8269
3162
2281
21294
3905
11462
1101
7491
1874
31904
11379
26796
23364
25700
8304
12454
31948
21102
20848
8490
13230
11201
1271
21850
29210
19220
19034
29222
16969
14878
32632
26942
2387
4387
16574
28733
6996
10432
24667
30739
23744
2547
16575
12467
27907
18542
11866
25855
5724
13084
5266
15088
32507
1781
10758
9226
22362
4095
28674
2559
473
25765
8515
930
28573
10044
27628
7695
11946
31187
4808
1561
25919
4155
20930
7668
13938
3160
8610
19236
19468
4262
14090
2213
423
13583
22704
2396
27910
18923
26845
30398
16309
5464
15911
6079
15841
30397
10091
27645
18042
7321
14093
1837
10375
14482
12659
14534
16841
23994
15040
19437
8852
29988
8142
27553
13033
29863
22126
30504
5336
17393
4323
21177
16405
