1000
20293
22899
13881
16130
3198
28762
22320
8474
19868
29659
7789
30874
23132
22918
16311
5640
3739
5405
22453
14187
28643
13960
26903
23148
13623
12052
31235
15278
11548
6640
24002
32618
11752
9194
30379
16207
31823
28262
31824
31129
21547
2463
4584
7536
32652
25122
14588
12419
10240
15751
27734
18917
20004
8819
28455
24103
4971
18379
7287
6327
16942
26426
17106
15993
16373
3814
22577
21923
22020
20078
4646
3806
31785
23335
11852
11163
4549
1944
30447
23986
12569
10803
20471
23618
2259
20310
22554
10693
26585
21122
27202
18290
26453
15066
2876
20951
24321
30431
4003
17079
4021
21355
1548
21538
12334
18923
12659
16595
18464
481
8166
24014
1407
8601
10608
18746
30731
18986
25416
10876
24346
23217
21307
16278
30122
22218
28503
13246
26791
3151
13785
31554
25465
21588
26969
12444
24273
2915
15668
11985
7605
7412
32314
25871
1226
15920
921
8070
14306
13288
29705
16774
10694
16336
11066
11483
2629
4352
19323
21094
15997
21420
18347
10237
20328
15395
29029
32644
31403
10502
22375
31564
20892
14539
67
7083
4753
28274
19786
8669
10352
16773
4534
17435
31860
13654
10775
28410
1597
21365
8191
4102
17947
9584
9713
9630
5532
2510
30600
4114
31315
78
27108
24572
26347
18780
14426
7644
5741
29909
22876
18167
28110
15356
26533
31601
4029
17084
27562
6569
3754
7200
4413
17110
26906
11793
5508
1247
15403
20558
31002
9599
22626
17073
17027
19097
9405
22176
23765
31705
31733
26578
24229
14733
28692
68
17712
9410
8248
17275
28619
29859
3238
31995
26508
13582
5394
28167
16186
2680
3373
13979
6003
30466
4976
30120
4892
23772
5672
31887
18446
14811
12994
12768
30718
22614
23385
32596
7597
28998
28286
26377
6738
31645
11590
7164
3908
9447
15258
14796
12268
12063
5819
30637
6123
12244
11796
29355
29063
27773
2628
27425
30811
20504
11884
4473
9280
13834
8118
15909
2166
1587
16166
12510
13079
24145
24997
13084
6334
17560
21067
14806
22643
8078
10988
25212
25562
28460
12007
26418
22428
818
5163
26190
4118
10955
26250
6419
17985
6498
28994
21936
16610
31939
23241
30836
26098
118
24281
4179
14416
14937
21180
27295
3493
15484
24537
23039
2200
18498
8320
21684
9012
24245
2802
17933
21910
10793
22196
12072
9435
32021
18454
29418
9800
25134
3582
26945
17084
31173
7674
5529
18003
8290
14982
7325
2140
6818
3994
21808
14205
16974
4472
4266
5669
28861
2484
30295
13107
8812
32388
3630
27364
4059
24649
22222
15362
14250
10590
702
15691
5621
23585
14566
16159
1260
2880
29769
25967
695
22598
24325
17890
22665
5222
17548
22088
24322
28550
30500
14148
23499
24975
17565
10038
13420
14836
22098
10599
29297
385
6243
11640
21694
6758
1073
17165
27182
19075
27162
9653
29043
7158
5750
11549
31274
16355
28114
28022
829
24451
23660
5155
4734
1904
13551
19624
385
6447
23152
14799
31674
28414
20904
20252
27096
7648
5491
5747
18017
487
19082
11784
6030
193
11901
2696
2665
11910
24052
18821
27429
16577
20007
8231
30398
31676
5530
12817
16849
1553
24606
23698
12478
20078
10757
16909
15612
28584
7845
8619
956
16131
13839
18239
22977
28864
28177
8057
24703
32488
14954
15439
22643
15960
2124
21928
11458
19982
28952
4683
29717
19634
30805
9480
25268
104
28913
2597
27105
23765
26044
28939
119
4976
8482
7730
20675
6667
12329
20810
18339
21409
31915
31659
16605
18273
23252
21246
19650
4604
9695
3117
19204
32044
18444
19081
22228
27013
18918
3899
16447
30336
17587
13549
3786
5317
21563
17337
18765
28345
25534
10577
32525
21320
29232
8560
19997
3828
10679
23170
25335
24350
26216
8847
11606
27540
2109
10349
18006
29276
11354
7462
17359
4544
10625
16808
29934
23707
27602
11436
17430
9442
3016
21736
14838
10358
15473
11128
24043
3112
27885
21130
28568
20749
14634
15433
13763
12293
1502
15884
24179
1926
25541
25536
11336
18350
5661
3987
27930
2185
22623
12771
30166
13983
16191
9574
8085
450
20710
31642
509
31254
12398
17775
26333
1889
30879
9267
13060
9877
8680
11967
16482
6555
4001
30432
25954
30050
8320
15112
9607
14888
24153
4150
18245
25096
10522
4131
19234
4549
30982
22446
13
22485
5170
24969
12542
9649
21309
2341
10192
28508
20819
16860
347
7474
9061
20062
3798
15347
29346
1118
16491
5903
5689
26749
21788
10548
2131
11894
19413
3862
21067
27020
20946
26750
19504
31025
10804
21398
19325
32248
19167
28275
7447
25277
10903
2788
26248
17938
31835
122
19067
20461
21504
18648
27767
16272
28690
21052
12256
15801
9447
13390
20011
16140
9477
13097
8289
701
8886
15527
14295
31106
1770
19442
8748
8376
14669
24392
29827
7636
13737
27662
31234
9741
27262
32024
8587
32328
7391
26423
1722
8003
19855
16388
12831
18950
23389
749
27837
6279
24253
4221
17091
22172
31400
29680
4489
12071
7861
6903
15566
31100
30328
27592
26416
13078
539
25961
18925
29051
5180
13886
2009
22636
12550
29906
6047
24658
2706
26338
8508
30949
5760
688
27320
21535
30929
5766
12327
25952
16392
17032
737
24802
11905
12479
3070
18272
3345
14179
19988
18946
17119
20841
16948
4749
11907
6477
27683
15304
31837
12833
16853
1585
30263
19159
560
5345
2078
10187
22270
16061
30333
24212
24115
16351
379
12300
30306
22339
29080
11421
27258
7350
18819
3791
22725
6908
6462
30735
28962
31297
11892
31682
26242
18114
7706
9354
12193
8124
25414
24536
29446
23189
3916
31666
14910
26185
18207
8902
18516
31512
2534
688
12181
25198
31965
2184
642
25362
14447
24496
15381
7571
21138
7900
15161
25840
8802
20322
28036
24454
30977
15044
1335
31807
19374
10875
22136
2041
2852
1542
14286
28469
9269
31540
478
30721
26023
7342
2660
39
18255
8903
13940
2967
20076
14984
32755
12050
2886
3831
2641
8985
27655
30888
8840
2837
24794
32647
18010
15560
3394
6884
3782
5107
700
23488
6604
7753
16536
27990
20323
11156
29973
6125
7607
3622
15292
12765
2216
6018
21758
10976
10367
7500
4881
7580
29683
4718
30728
4973
29020
140
16689
26231
11062
28075
23476
28140
985
31261
32361
24731
17527
17071
25849