100
20293
22899
13881
16130
3198
28762
22320
8474
19868
29659
7789
30874
23132
22918
16311
5640
3739
5405
22453
14187
28643
13960
26903
23148
13623
12052
31235
15278
11548
6640
24002
32618
11752
9194
30379
16207
31823
28262
31824
31129
21547
2463
4584
7536
32652
25122
14588
12419
10240
15751
27734
18917
20004
8819
28455
24103
4971
18379
7287
6327
16942
26426
17106
15993
16373
3814
22577
21923
22020
20078
4646
3806
31785
23335
11852
11163
4549
1944
30447
23986
12569
10803
20471
23618
2259
20310
22554
10693
26585
21122
27202
18290
26453
15066
2876
20951
24321
30431
4003
17079